0 96
1 100
2 104
3 108
4 112
5 117
6 121
7 125
8 129
9 133
10 137
11 141
12 145
13 150
14 154
15 158
16 162
17 166
18 170
19 174
20 178
21 182
22 187
23 191
24 195
25 199
26 203
27 207
28 211
29 215
30 219
31 224
32 228
33 232
34 236
35 240
36 244
37 248
38 252
39 257
40 261
41 265
42 269
43 273
44 277
45 281
46 285
47 289
48 294
49 298
50 302
51 306
52 310
53 314
54 318
55 322
56 327
57 331
58 335
59 339
60 343
61 347
62 351
63 355
64 359
65 364
66 368
67 372
68 376
69 380
70 384
71 388
72 392
73 396
74 401
75 405
76 409
77 413
78 417
79 421
80 425
81 429
82 434
83 438
84 442
85 446
86 450
